{
 "cells": [
  {
   "cell_type": "code",
   "execution_count": 1,
   "metadata": {
    "scrolled": false
   },
   "outputs": [],
   "source": [
    "import sugar_analysis as sa\n",
    "try:\n",
    "   import cPickle as pkl\n",
    "except ModuleNotFoundError:\n",
    "   import pickle as pkl\n",
    "import numpy as np"
   ]
  },
  {
   "cell_type": "markdown",
   "metadata": {},
   "source": [
    "# Data path"
   ]
  },
  {
   "cell_type": "markdown",
   "metadata": {},
   "source": [
    "## Spectroscopic data path"
   ]
  },
  {
   "cell_type": "code",
   "execution_count": 2,
   "metadata": {},
   "outputs": [],
   "source": [
    "spec_param_path = '../../sugar_model/sugar_parameters.pkl'"
   ]
  },
  {
   "cell_type": "markdown",
   "metadata": {},
   "source": [
    "## Photometric data path"
   ]
  },
  {
   "cell_type": "code",
   "execution_count": 3,
   "metadata": {},
   "outputs": [],
   "source": [
    "res_dict_path_sug = '../../sugar_analysis_data/resfitlc_SNf_3fB_10fR_10_sugar.pkl'\n",
    "res_dict_path_salt2 = '../../sugar_analysis_data/resfitlc_SNf_3fB_10fR_10_salt2.pkl'"
   ]
  },
  {
   "cell_type": "markdown",
   "metadata": {},
   "source": [
    "# Load  data"
   ]
  },
  {
   "cell_type": "code",
   "execution_count": 50,
   "metadata": {},
   "outputs": [],
   "source": [
    "spec_param = pkl.load(open(spec_param_path))\n",
    "param_name = ['grey','q1', 'q2', 'q3', 'Av']\n",
    "\n",
    "pksalt2=pkl.load(open(res_dict_path_salt2))\n",
    "pksug=pkl.load(open(res_dict_path_sug))\n",
    "salt2_sn_list = [sn for sn in pksalt2['data'] if pksalt2['data'][sn]['res']!='fit fail']\n",
    "common_sn_list = list(set(pksug['data'].keys()) & set(salt2_sn_list) & set(spec_param.keys()))\n",
    "\n",
    "rids_sug = sa.read_input_data_SNf(select=common_sn_list, res_dict_path=res_dict_path_sug, standard='Mgr')\n",
    "rids_sug.build_HD_data()\n",
    "rids_salt2 = sa.read_input_data_SNf(select=common_sn_list, res_dict_path=res_dict_path_salt2, model_name='salt2', standard='log10_x0')\n",
    "rids_salt2.build_HD_data()\n",
    "spec_par = np.zeros_like(rids_sug.params)\n",
    "cov_spec = []\n",
    "for i, sn_name in enumerate(rids_sug.dic_res):\n",
    "    cov_spec.append(spec_param[sn_name]['cov_q'])\n",
    "    for j in range(5):\n",
    "        if j==0:\n",
    "            spec_par[i,j] = spec_param[sn_name][param_name[j]]+sa.distance_modulus_th(rids_sug.dic_res[sn_name]['zcmb'],rids_sug.dic_res[sn_name]['zhl'])\n",
    "        else:\n",
    "            spec_par[i,j] = spec_param[sn_name][param_name[j]] "
   ]
  },
  {
   "cell_type": "code",
   "execution_count": 51,
   "metadata": {},
   "outputs": [],
   "source": [
    "### Execute me if you know the value of dmgrey\n",
    "\n",
    "#dist_mod = np.array([sa.distance_modulus_th(rids_sug.dic_res[sn_name]['zcmb'],rids_sug.dic_res[sn_name]['zhl'])\n",
    " #   for sn_name in rids_sug.dic_res])\n",
    "#rids_sug.params[:,0] -= dist_mod\n",
    "#rids_salt2.params[:,0] -= dist_mod"
   ]
  },
  {
   "cell_type": "markdown",
   "metadata": {},
   "source": [
    "# Data format "
   ]
  },
  {
   "cell_type": "raw",
   "metadata": {},
   "source": [
    "params (sug_spec, sug_phot, salt2_phot): array like ([Mgr, q1, q2, q3, A]) or ([x0, x1, c])"
   ]
  },
  {
   "cell_type": "code",
   "execution_count": 5,
   "metadata": {},
   "outputs": [
    {
     "data": {
      "text/plain": [
       "(array([[ 3.67151189e+01, -1.34518262e+00, -6.73701928e-01,\n",
       "          7.04361483e-01, -1.95883513e-01],\n",
       "        [ 3.56845678e+01, -7.79461749e-01, -2.23556277e+00,\n",
       "         -1.19420054e+00, -1.32677922e-01],\n",
       "        [ 3.49392843e+01, -1.85545102e+00, -2.73162976e+00,\n",
       "          2.45295288e-01,  5.11429393e-02],\n",
       "        [ 3.75136427e+01,  1.28145989e+00,  5.32313540e-01,\n",
       "         -1.89607975e+00, -7.08125277e-02],\n",
       "        [ 3.60817318e+01, -2.12483311e+00, -1.79392361e+00,\n",
       "         -2.12980385e-01, -1.37741470e-01],\n",
       "        [ 3.75215409e+01, -4.82576701e-01, -3.09877049e+00,\n",
       "          4.03583216e-01,  2.97128077e-02],\n",
       "        [ 3.77018634e+01, -2.37087085e+00,  2.20665451e+00,\n",
       "         -4.90326629e-01, -1.84209942e-01],\n",
       "        [ 3.70319791e+01,  1.99957410e+00,  5.91610966e-01,\n",
       "         -1.78912407e+00, -7.49349302e-02],\n",
       "        [ 3.75026187e+01, -2.20406922e+00,  1.13157862e+00,\n",
       "         -1.25224739e-01, -1.88070563e-01],\n",
       "        [ 3.51131120e+01,  4.36678133e-01,  1.28660267e+00,\n",
       "         -1.98170013e+00, -1.60004623e-01],\n",
       "        [ 3.76040774e+01,  2.68805652e+00,  1.64670436e+00,\n",
       "         -1.23879098e+00, -6.61851792e-02],\n",
       "        [ 3.79734900e+01, -9.64839966e-01,  2.57790975e+00,\n",
       "         -1.94251472e-01, -1.42788076e-01],\n",
       "        [ 3.78009087e+01, -1.36162044e-01,  3.06911666e+00,\n",
       "          5.93448088e-01, -2.14822803e-01],\n",
       "        [ 3.74680420e+01, -1.04983148e+00,  2.07341135e-01,\n",
       "          2.98691887e-01,  4.01736989e-02],\n",
       "        [ 3.72987658e+01,  1.15242209e+00, -3.62293739e+00,\n",
       "          1.19180248e+00, -3.53216887e-03],\n",
       "        [ 3.67337376e+01, -2.60197041e-01, -7.97940499e-01,\n",
       "          2.97274944e-01, -1.77896655e-01],\n",
       "        [ 3.68687746e+01,  2.45360505e+00,  9.07769045e-01,\n",
       "          5.33574258e-01, -1.92596370e-01],\n",
       "        [ 3.75934878e+01, -1.66488680e+00, -9.39993802e-01,\n",
       "         -1.96591243e-01, -1.75368149e-01],\n",
       "        [ 3.79857785e+01,  3.90771908e-01, -8.40819025e-01,\n",
       "          8.29290861e-01, -1.86200668e-01],\n",
       "        [ 3.55294999e+01,  6.95431482e-01, -2.44238320e+00,\n",
       "          1.03723846e+00,  1.27571033e-01],\n",
       "        [ 3.76005077e+01, -1.75875442e+00, -2.99000831e+00,\n",
       "          1.58833167e+00, -5.06736563e-04],\n",
       "        [ 3.62338709e+01, -1.72936787e+00, -3.01670121e+00,\n",
       "          8.31791451e-01, -1.17189107e-01],\n",
       "        [ 3.71704901e+01,  2.22417992e+00,  3.66009846e-01,\n",
       "         -6.07007195e-01, -1.34334642e-01],\n",
       "        [ 3.70427771e+01, -1.18150727e+00, -3.05245368e-01,\n",
       "          6.34085484e-01, -2.84659811e-02],\n",
       "        [ 3.77927859e+01,  8.09317294e-01, -2.19518304e-01,\n",
       "         -1.52647182e-01, -1.24119812e-01],\n",
       "        [ 3.69230861e+01,  2.28319640e+00,  3.47652908e+00,\n",
       "         -1.09071694e+00,  1.99721438e-01],\n",
       "        [ 3.61411536e+01, -1.77135853e+00,  1.06123599e+00,\n",
       "          3.99386306e-01,  8.94132549e-01],\n",
       "        [ 3.72200443e+01,  7.04508458e-01,  1.38219859e-01,\n",
       "         -1.40610047e+00, -8.73134122e-02],\n",
       "        [ 3.49760927e+01,  4.91952720e-01,  1.81129500e+00,\n",
       "          7.71371988e-01,  3.23196340e-01],\n",
       "        [ 3.75343949e+01, -4.49862030e-01,  6.76816128e-01,\n",
       "          6.16303054e-01, -2.17537350e-01],\n",
       "        [ 3.70224238e+01,  1.37019362e+00,  1.09417816e+00,\n",
       "         -1.91251559e+00,  1.07683028e-01],\n",
       "        [ 3.78390333e+01,  1.04380632e+00, -4.19835340e+00,\n",
       "          1.00190183e+00,  1.44333878e-01],\n",
       "        [ 3.75134560e+01,  7.73745837e-01,  2.02510910e+00,\n",
       "          1.02924955e+00, -9.98585171e-02],\n",
       "        [ 3.60446136e+01,  1.63021657e+00,  7.00942883e-01,\n",
       "         -2.77022316e-01, -1.66683158e-01],\n",
       "        [ 3.80132706e+01,  1.38921888e+00,  7.62959307e-01,\n",
       "          6.68968579e-01, -4.98306582e-02],\n",
       "        [ 3.55333766e+01,  1.86226350e+00, -2.53469928e+00,\n",
       "         -2.06686968e-01,  2.04717115e-02],\n",
       "        [ 3.76836238e+01, -1.91467426e+00,  5.68152964e-01,\n",
       "          7.21810940e-01, -1.02183445e-01],\n",
       "        [ 3.59113958e+01,  1.54581054e+00,  1.02632436e-01,\n",
       "         -2.04239999e-01, -3.33073798e-02],\n",
       "        [ 3.71162767e+01, -2.43329047e+00,  2.28967054e+00,\n",
       "         -7.14395136e-01, -7.93110778e-02],\n",
       "        [ 3.80879472e+01, -2.95780261e-01,  2.04385242e+00,\n",
       "         -6.90961681e-01, -2.21846448e-01],\n",
       "        [ 3.74645232e+01, -1.91019177e+00, -1.36770757e+00,\n",
       "          1.23036941e+00,  2.45912024e-01],\n",
       "        [ 3.69805683e+01, -1.25873469e+00,  1.22449575e+00,\n",
       "          1.89565463e-01, -2.24308211e-01],\n",
       "        [ 3.68403240e+01, -3.88422532e+00, -1.11490330e+00,\n",
       "         -1.36681723e+00,  7.05335232e-01],\n",
       "        [ 3.68879346e+01,  4.52238980e-01, -4.61165406e-02,\n",
       "         -1.52610540e+00, -1.23613378e-01],\n",
       "        [ 3.79142106e+01, -6.80801916e-01,  3.06754126e-01,\n",
       "          1.10373309e-01, -5.00022811e-02],\n",
       "        [ 3.73225191e+01,  6.97604686e-01,  2.88793765e+00,\n",
       "          1.26676312e+00, -1.15627466e-01],\n",
       "        [ 3.62358434e+01,  1.21441979e-01, -2.84045709e+00,\n",
       "          1.31511481e+00, -2.65967733e-01],\n",
       "        [ 3.66636284e+01, -5.34435909e-01,  9.75337524e-01,\n",
       "          1.13693261e+00, -1.86192049e-01],\n",
       "        [ 3.56462454e+01, -7.33992477e-01,  3.35050701e+00,\n",
       "          1.34389845e+00, -2.90865999e-02],\n",
       "        [ 3.64911823e+01,  1.48736538e+00, -5.54236201e-02,\n",
       "         -1.76980587e+00, -1.73775864e-01],\n",
       "        [ 3.76997821e+01,  2.79732856e+00,  7.65323642e-01,\n",
       "         -1.31320093e-01,  6.41967493e-01],\n",
       "        [ 3.78365942e+01, -2.87757431e+00, -6.78266668e-01,\n",
       "          9.39228180e-01,  7.36995932e-02],\n",
       "        [ 3.74776771e+01,  1.54835368e+00,  1.77293513e+00,\n",
       "          2.13234772e+00,  4.09486109e-02],\n",
       "        [ 3.49740143e+01, -2.90393311e+00, -1.99192766e+00,\n",
       "         -1.73045591e-01, -5.63873653e-03],\n",
       "        [ 3.72406859e+01,  1.02814649e-01,  1.95015236e+00,\n",
       "          5.73387677e-01, -3.63090994e-01],\n",
       "        [ 3.50248324e+01, -3.17068051e+00,  5.43156480e-01,\n",
       "         -7.31606971e-01, -1.98367855e-01],\n",
       "        [ 3.70011554e+01, -8.03744274e-01, -6.37873800e-01,\n",
       "          1.86037100e-01,  2.69775059e-01],\n",
       "        [ 3.63783761e+01,  9.75717164e-01, -1.63144190e+00,\n",
       "         -7.54388465e-02,  4.53761644e-02],\n",
       "        [ 3.62339279e+01, -6.86571077e-01,  3.53734960e+00,\n",
       "          1.21508618e+00,  1.36618138e-02],\n",
       "        [ 3.71127906e+01,  4.75685964e-01, -1.66358783e-01,\n",
       "          4.83340864e-01,  1.41970312e-01],\n",
       "        [ 3.71762971e+01, -9.77139874e-01, -6.82383738e-01,\n",
       "          8.15636276e-01, -1.73667765e-01],\n",
       "        [ 3.65999486e+01,  9.43457176e-01,  5.39138060e-01,\n",
       "          3.20406828e-02, -1.42463483e-01],\n",
       "        [ 3.45215105e+01, -5.82726740e-01, -2.03717737e+00,\n",
       "          5.32236652e-01,  9.32783757e-01],\n",
       "        [ 3.63867181e+01,  1.68803574e+00,  2.91871403e+00,\n",
       "         -5.08324351e-01, -8.16952410e-02],\n",
       "        [ 3.60791843e+01, -1.15042605e+00,  1.85954846e+00,\n",
       "         -2.70487904e-01,  5.67035247e-01],\n",
       "        [ 3.39476235e+01,  1.68911588e+00,  1.13804420e+00,\n",
       "         -7.14713591e-01,  2.52730526e-01],\n",
       "        [ 3.75316970e+01,  1.50067552e+00,  1.10336803e+00,\n",
       "          1.28175560e-01,  7.93304342e-03],\n",
       "        [ 3.73970957e+01, -2.10378566e+00,  8.08566513e-01,\n",
       "         -4.44561915e-01,  5.68650672e-03],\n",
       "        [ 3.73517665e+01,  1.71099105e+00,  2.03799758e+00,\n",
       "         -1.99077342e+00, -1.16424733e-01],\n",
       "        [ 3.62759716e+01,  2.42259341e+00,  1.35258681e-03,\n",
       "         -1.02985023e+00, -6.22933765e-02],\n",
       "        [ 3.75255547e+01, -1.29230711e+00, -1.72518402e+00,\n",
       "         -1.58352796e+00, -9.58695561e-02],\n",
       "        [ 3.76961236e+01, -3.09460820e+00,  3.28711720e+00,\n",
       "          2.17739016e-01,  1.90763821e-01],\n",
       "        [ 3.59527267e+01, -1.65382064e+00,  2.67217086e+00,\n",
       "          9.58328086e-01, -1.32364390e-01],\n",
       "        [ 3.54949667e+01, -2.09616148e+00, -3.44751496e-01,\n",
       "         -7.81352290e-02,  1.39370467e-02],\n",
       "        [ 3.74501943e+01,  3.88076587e-01,  1.68988382e+00,\n",
       "         -2.97610447e-02,  1.79877009e-01],\n",
       "        [ 3.76158665e+01, -5.29568131e-01, -8.51102493e-01,\n",
       "          5.20477688e-01, -1.72475016e-01],\n",
       "        [ 3.76368821e+01,  7.10223068e-01,  9.71179628e-01,\n",
       "          1.40776110e-01, -1.09432515e-01],\n",
       "        [ 3.81530992e+01, -2.30545494e+00,  9.16520186e-01,\n",
       "         -2.18100050e-01, -8.08198161e-02],\n",
       "        [ 3.72541028e+01, -1.72420229e+00,  1.30726936e-01,\n",
       "          3.23002770e-01, -1.40835761e-01],\n",
       "        [ 3.61349022e+01,  6.96332524e-01, -9.00329740e-01,\n",
       "          1.47037157e-02, -1.49327865e-01],\n",
       "        [ 3.48410182e+01,  2.15995826e+00, -9.82624546e-02,\n",
       "         -1.42163525e+00, -4.20569382e-02],\n",
       "        [ 3.78058067e+01, -2.35594371e+00, -5.93860580e-01,\n",
       "         -5.44974381e-01, -1.91498140e-02],\n",
       "        [ 3.68178790e+01, -3.29289679e+00,  2.27134967e+00,\n",
       "          1.77065587e-01,  2.02208088e-01],\n",
       "        [ 3.82248782e+01, -1.10389816e+00,  3.18352852e+00,\n",
       "          9.51976385e-02,  1.82996522e-01],\n",
       "        [ 3.60706509e+01, -1.98029546e+00, -9.53864765e-02,\n",
       "         -5.01952366e-02, -1.46103914e-01],\n",
       "        [ 3.60752931e+01,  1.75891931e+00,  5.28975019e-01,\n",
       "         -1.41332715e+00, -2.57403200e-02],\n",
       "        [ 3.74508138e+01,  9.08122422e-01,  1.59386642e+00,\n",
       "         -1.29972613e+00, -1.73450507e-01],\n",
       "        [ 3.75516604e+01, -1.01498601e+00,  1.52390280e+00,\n",
       "          2.05585036e+00, -1.37064259e-01],\n",
       "        [ 3.71932756e+01, -3.13622657e-01,  7.04273362e-01,\n",
       "          1.29341858e+00,  1.25572980e-02],\n",
       "        [ 3.69907311e+01, -6.95596538e-01, -5.96750447e-01,\n",
       "          4.14486582e-01,  2.23261030e-01],\n",
       "        [ 3.73246483e+01, -2.29212719e+00,  1.82852053e+00,\n",
       "         -2.25690634e-01,  2.09160494e-03],\n",
       "        [ 3.72904529e+01, -1.11879429e+00, -1.12069725e+00,\n",
       "          1.02646625e+00, -1.05070214e-02],\n",
       "        [ 3.75517978e+01, -1.28914425e+00,  6.62477171e-02,\n",
       "         -1.08038388e-01, -1.72139559e-02],\n",
       "        [ 3.59406055e+01,  1.00558465e+00, -9.88277508e-01,\n",
       "         -1.09921296e+00, -5.67831810e-02],\n",
       "        [ 3.63001733e+01, -3.30851775e+00,  2.58285865e+00,\n",
       "         -4.30121638e-01,  6.72817075e-02],\n",
       "        [ 3.71004023e+01, -1.73460958e+00, -2.15513647e-01,\n",
       "         -5.22400291e-01,  1.95657009e-01],\n",
       "        [ 3.81802083e+01, -3.40093526e+00, -4.93822953e-01,\n",
       "         -1.17494934e-01, -6.28620299e-02],\n",
       "        [ 3.68126724e+01, -1.03574541e+00,  1.30556846e+00,\n",
       "          9.01626340e-01,  9.54444768e-02],\n",
       "        [ 3.81122848e+01,  7.39322380e-01,  8.22967059e-01,\n",
       "         -1.59914469e+00, -1.43606078e-01],\n",
       "        [ 3.76689844e+01, -8.97218215e-01,  2.61758763e-02,\n",
       "         -1.41548270e-02, -1.73804846e-01],\n",
       "        [ 3.76788545e+01, -9.02692380e-01,  1.98977096e+00,\n",
       "          6.58115797e-02, -1.39400632e-01]]),\n",
       " array([[ 3.67883605e+01, -6.29361459e-01, -4.39288149e-02,\n",
       "          1.52504635e+00, -2.57213132e-01],\n",
       "        [ 3.56475617e+01, -9.29390400e-01, -1.83737330e+00,\n",
       "         -1.70693011e+00, -1.06588603e-01],\n",
       "        [ 3.49568341e+01, -7.42437262e-01, -4.38186737e+00,\n",
       "          7.30992540e-01, -4.12329445e-02],\n",
       "        [ 3.75346039e+01,  6.95438932e-01,  7.04735033e+00,\n",
       "         -1.94165991e+00,  6.06608767e-02],\n",
       "        [ 3.60854823e+01, -5.47054004e-01, -4.22128576e+00,\n",
       "         -1.68733477e-01, -2.79639839e-01],\n",
       "        [ 3.73996042e+01, -3.67993963e-01, -5.38662564e+00,\n",
       "         -2.34144182e-01,  6.73031146e-02],\n",
       "        [ 3.77218543e+01, -2.26400579e+00,  6.98156639e-01,\n",
       "         -3.23320621e-01, -2.11891660e-01],\n",
       "        [ 3.70103262e+01,  1.51869153e+00,  3.44677667e+00,\n",
       "         -2.36250124e+00,  5.65790430e-03],\n",
       "        [ 3.74613160e+01, -3.06338174e+00,  1.75672726e+00,\n",
       "         -6.15623949e-01, -1.06508374e-01],\n",
       "        [ 3.50786141e+01,  2.07053523e-01,  3.92418400e+00,\n",
       "         -2.46944533e+00, -1.03685673e-01],\n",
       "        [ 3.76796274e+01,  3.58187246e+00,  4.32178392e+00,\n",
       "         -1.02920178e+00, -1.49163785e-01],\n",
       "        [ 3.80787127e+01, -2.42611956e+00,  4.76893301e+00,\n",
       "         -4.06596149e-01, -1.12895073e-01],\n",
       "        [ 3.78512889e+01, -1.93604459e-01,  1.86080761e+00,\n",
       "          8.27520032e-01, -2.60021283e-01],\n",
       "        [ 3.74148095e+01, -1.43323723e+00, -2.45412307e+00,\n",
       "          1.46982253e-01,  8.85033082e-02],\n",
       "        [ 3.72759146e+01,  1.32419917e+00, -4.69865078e+00,\n",
       "          1.07671950e+00, -1.06544540e-02],\n",
       "        [ 3.67003970e+01, -8.29772925e-01, -9.03001158e-01,\n",
       "         -1.48302632e-01, -1.36536598e-01],\n",
       "        [ 3.68490571e+01,  2.48482869e+00,  1.50038082e-01,\n",
       "          3.47844996e-01, -2.01741360e-01],\n",
       "        [ 3.76525093e+01, -1.55412826e+00,  8.70035424e-02,\n",
       "          1.14630077e-01, -1.90931136e-01],\n",
       "        [ 3.80944824e+01, -5.84840427e-02,  3.61009781e+00,\n",
       "          8.47277932e-01, -1.64013060e-01],\n",
       "        [ 3.58283913e+01,  8.77435868e-01,  4.25051850e-01,\n",
       "          2.62864773e+00, -3.52093157e-02],\n",
       "        [ 3.77100001e+01, -8.37791772e-01, -5.37197312e+00,\n",
       "          3.57207896e+00, -6.56632404e-02],\n",
       "        [ 3.62306130e+01, -1.20682703e+00, -2.01978454e+00,\n",
       "          9.30395371e-01, -1.23972231e-01],\n",
       "        [ 3.71455405e+01,  2.47862167e+00,  5.40313297e-01,\n",
       "         -6.25562756e-01, -1.24664517e-01],\n",
       "        [ 3.70314728e+01, -2.24289936e+00,  3.12163179e+00,\n",
       "          7.91940039e-02,  8.73537894e-02],\n",
       "        [ 3.78128676e+01,  7.79537659e-01, -4.73503603e-01,\n",
       "         -9.67347942e-03, -1.16224148e-01],\n",
       "        [ 3.67705234e+01,  2.79532791e+00,  3.35711486e+00,\n",
       "         -1.76379228e+00,  2.89672985e-01],\n",
       "        [ 3.61566672e+01, -3.01482829e+00,  4.12580854e+00,\n",
       "          2.21896743e-01,  1.04867533e+00],\n",
       "        [ 3.71910056e+01,  1.15509852e+00, -6.66811434e-01,\n",
       "         -1.38589629e+00, -1.04742187e-01],\n",
       "        [ 3.49660948e+01,  6.27016073e-01,  8.24496251e-02,\n",
       "          6.12370314e-01,  2.73306779e-01],\n",
       "        [ 3.74588849e+01,  1.37471783e-01, -2.11814376e+00,\n",
       "          4.82104576e-01, -2.60474884e-01],\n",
       "        [ 3.69376884e+01,  1.46339194e+00, -1.58276124e-01,\n",
       "         -2.23548276e+00,  1.24178688e-01],\n",
       "        [ 3.77981897e+01,  1.35338650e+00, -6.37298246e+00,\n",
       "          9.12662318e-01,  1.32409831e-01],\n",
       "        [ 3.77652539e+01, -1.41817151e+00,  8.64858350e+00,\n",
       "          3.81775610e-01, -5.86190517e-02],\n",
       "        [ 3.61129750e+01,  1.92356438e+00,  1.18195074e+00,\n",
       "          3.63653087e-01, -1.81157273e-01],\n",
       "        [ 3.80087189e+01,  1.48318911e+00,  1.34733722e+00,\n",
       "          7.48040475e-01, -2.66171266e-02],\n",
       "        [ 3.54946801e+01,  3.07236180e+00, -5.83656239e+00,\n",
       "          9.47590136e-02, -6.64760523e-02],\n",
       "        [ 3.76185576e+01, -1.92624847e+00, -7.42358023e-01,\n",
       "          4.85301917e-01, -7.60058463e-02],\n",
       "        [ 3.59635279e+01,  1.65474403e+00, -9.03512650e-01,\n",
       "          1.86488345e-01, -8.43828228e-02],\n",
       "        [ 3.70183709e+01, -6.97121616e-01, -4.01732366e+00,\n",
       "         -4.93292150e-01, -1.87544053e-01],\n",
       "        [ 3.81086898e+01, -3.04206464e-01,  1.13470031e+00,\n",
       "         -5.78168495e-01, -2.32373193e-01],\n",
       "        [ 3.74901391e+01, -1.61786501e+00,  7.25191256e-01,\n",
       "          1.31972373e+00,  2.41508551e-01],\n",
       "        [ 3.69746197e+01, -1.58766746e+00,  9.42058057e-01,\n",
       "          4.23482166e-02, -2.12412280e-01],\n",
       "        [ 3.68661165e+01, -3.73143038e+00, -2.10709318e+00,\n",
       "         -1.23914420e+00,  6.75075547e-01],\n",
       "        [ 3.68263283e+01,  3.30007400e-02, -1.88657978e+00,\n",
       "         -1.94175007e+00, -9.94669713e-02],\n",
       "        [ 3.78882799e+01, -4.27125805e-01, -1.65601802e+00,\n",
       "          2.96312512e-01, -6.07353256e-02],\n",
       "        [ 3.73048659e+01,  3.70050786e-01,  2.60962316e+00,\n",
       "          1.08565497e+00, -1.22102655e-01],\n",
       "        [ 3.62714868e+01, -2.55096252e-01,  7.79976813e-02,\n",
       "          1.26021538e+00, -2.35016193e-01],\n",
       "        [ 3.65885885e+01,  2.34539713e-01, -2.57062153e+00,\n",
       "          1.01122394e+00, -2.16635712e-01],\n",
       "        [ 3.56372326e+01, -4.01690885e-01,  3.72697087e+00,\n",
       "          1.31725240e+00, -5.23220731e-02],\n",
       "        [ 3.64689942e+01,  9.50611712e-01,  2.45257828e+00,\n",
       "         -2.13368684e+00, -9.11949032e-02],\n",
       "        [ 3.75933528e+01,  3.34542037e+00,  2.28309712e+00,\n",
       "         -3.82599580e-01,  7.35770920e-01],\n",
       "        [ 3.78696684e+01, -2.22704421e+00, -9.13902715e-01,\n",
       "          1.39324164e+00,  2.85271698e-02],\n",
       "        [ 3.72996358e+01,  2.20831024e+00, -3.21486496e+00,\n",
       "          1.85893926e+00,  6.75122286e-02],\n",
       "        [ 3.49865047e+01, -2.85034011e+00, -1.41179928e+00,\n",
       "         -2.05819718e-01, -1.85472113e-02],\n",
       "        [ 3.73686086e+01, -1.93279103e+00,  6.20847166e+00,\n",
       "          1.85781744e-01, -2.72571171e-01],\n",
       "        [ 3.49406517e+01, -4.20939861e+00,  1.52349838e+00,\n",
       "         -1.73301791e+00, -1.00309828e-01],\n",
       "        [ 3.69800244e+01, -1.95615115e+00,  1.53281124e+00,\n",
       "         -3.50931257e-01,  3.85004025e-01],\n",
       "        [ 3.63840690e+01,  3.02426816e+00, -6.42816933e+00,\n",
       "          5.05326173e-01, -1.17269752e-01],\n",
       "        [ 3.62214960e+01, -3.99871061e-01,  4.30337860e+00,\n",
       "          9.64606656e-01, -7.75199531e-03],\n",
       "        [ 3.70602674e+01,  5.29112363e-01, -1.80867714e+00,\n",
       "          4.22392918e-01,  1.65780609e-01],\n",
       "        [ 3.70693138e+01, -5.12103980e-01, -1.45208238e+00,\n",
       "          1.92837030e-01, -1.79420027e-01],\n",
       "        [ 3.66242407e+01,  1.87043858e+00, -1.64530737e+00,\n",
       "          2.81721466e-01, -2.53508176e-01],\n",
       "        [ 3.44486001e+01, -5.69987036e-01, -7.79553875e-01,\n",
       "          2.73236598e-01,  1.00311237e+00],\n",
       "        [ 3.64055226e+01,  1.78341360e+00,  3.18730855e+00,\n",
       "         -4.31160641e-01, -9.00160975e-02],\n",
       "        [ 3.61501573e+01, -1.17100686e+00,  3.46793897e+00,\n",
       "          7.17621270e-02,  5.58899382e-01],\n",
       "        [ 3.39494413e+01,  1.57117994e+00,  1.03126491e+00,\n",
       "         -5.94966111e-01,  2.74271795e-01],\n",
       "        [ 3.76214244e+01,  2.01694804e+00,  3.63217888e+00,\n",
       "          7.71018741e-01, -2.87743865e-02],\n",
       "        [ 3.74681104e+01, -2.17233387e+00,  2.97919725e+00,\n",
       "         -2.90669182e-01, -1.77701961e-03],\n",
       "        [ 3.73416361e+01,  1.69966416e+00,  6.40245129e+00,\n",
       "         -2.44138392e+00, -4.91087897e-02],\n",
       "        [ 3.63474596e+01,  3.50546500e+00, -5.61081468e-01,\n",
       "         -5.57363287e-01, -1.61785794e-01],\n",
       "        [ 3.74759487e+01, -1.58527187e+00, -3.13183960e+00,\n",
       "         -2.05619938e+00, -7.93588280e-02],\n",
       "        [ 3.78045818e+01, -2.65696784e+00,  2.75039469e+00,\n",
       "          1.28904357e+00,  1.32264912e-01],\n",
       "        [ 3.58925213e+01, -2.51298873e+00,  5.46109401e+00,\n",
       "          4.86986275e-01,  1.41923849e-02],\n",
       "        [ 3.55304757e+01, -1.90328259e+00, -2.83449536e-01,\n",
       "          9.30545261e-02, -2.08817897e-02],\n",
       "        [ 3.73876686e+01,  5.46433710e-01, -2.44810243e+00,\n",
       "         -3.29443185e-01,  1.75520020e-01],\n",
       "        [ 3.76083671e+01, -6.37040107e-01, -5.44343256e-01,\n",
       "          3.81801645e-01, -1.52582396e-01],\n",
       "        [ 3.76744483e+01,  1.20805405e+00,  1.29516125e+00,\n",
       "          6.84356942e-01, -1.47355426e-01],\n",
       "        [ 3.80553821e+01, -2.86603452e+00, -3.94468130e-01,\n",
       "         -8.18172352e-01,  8.51756060e-03],\n",
       "        [ 3.72132851e+01, -4.11022998e-01, -1.67073981e+00,\n",
       "          1.13496390e+00, -1.73594544e-01],\n",
       "        [ 3.61365238e+01, -4.63834046e-01,  6.88082143e-01,\n",
       "         -3.65930337e-01, -5.76653640e-02],\n",
       "        [ 3.48546940e+01,  2.09106080e+00, -3.55806158e-01,\n",
       "         -1.43943478e+00, -6.19594144e-02],\n",
       "        [ 3.78885623e+01, -3.91987663e+00,  4.59244058e+00,\n",
       "         -1.46370344e+00,  6.38235947e-02],\n",
       "        [ 3.68819675e+01, -2.68908678e+00,  4.33275957e-01,\n",
       "          1.33768074e+00,  1.42654198e-01],\n",
       "        [ 3.81364341e+01,  1.90753073e-01,  1.08516477e+00,\n",
       "          3.29089452e-01,  1.49013510e-01],\n",
       "        [ 3.60825378e+01, -2.72537780e+00,  9.70316646e-01,\n",
       "         -3.09770234e-01, -9.18733755e-02],\n",
       "        [ 3.60653184e+01,  2.11742629e+00, -1.04140608e+00,\n",
       "         -1.18064113e+00, -4.86645824e-02],\n",
       "        [ 3.74687547e+01,  8.02797163e-01,  4.01441414e+00,\n",
       "         -1.52845570e+00, -1.35223669e-01],\n",
       "        [ 3.76274863e+01, -1.69632057e+00,  4.20767088e+00,\n",
       "          2.06916588e+00, -1.03841386e-01],\n",
       "        [ 3.71473430e+01,  1.85208701e-03, -1.23621481e+00,\n",
       "          1.16195502e+00,  1.73555575e-03],\n",
       "        [ 3.69435122e+01, -2.57051500e-01, -1.62158011e+00,\n",
       "          4.64124313e-01,  2.33632033e-01],\n",
       "        [ 3.72745662e+01, -5.73056383e-01, -2.83385946e+00,\n",
       "          3.71755493e-01, -1.02879754e-01],\n",
       "        [ 3.73137023e+01,  1.28402097e+00, -6.05376217e+00,\n",
       "          1.85502731e+00, -2.05983782e-01],\n",
       "        [ 3.75519346e+01, -2.33070900e+00,  8.57008029e-01,\n",
       "         -7.52361629e-01,  3.80360817e-02],\n",
       "        [ 3.58246144e+01, -3.07824123e-01,  4.43253363e+00,\n",
       "         -2.74122324e+00,  1.29858516e-01],\n",
       "        [ 3.63606171e+01, -1.07128589e+00,  7.58315697e-01,\n",
       "          9.52961596e-01, -8.10504567e-02],\n",
       "        [ 3.70450589e+01, -2.42574250e+00, -1.45457765e+00,\n",
       "         -8.27444199e-01,  2.65322153e-01],\n",
       "        [ 3.82133681e+01, -4.71744453e+00,  1.02843172e+00,\n",
       "         -5.95364299e-01,  2.69498248e-02],\n",
       "        [ 3.67615572e+01, -1.72762880e+00,  1.50999957e+00,\n",
       "          4.34472087e-01,  1.71341743e-01],\n",
       "        [ 3.80335236e+01,  3.13674083e-01,  1.02503485e+00,\n",
       "         -2.56591633e+00, -3.15875955e-02],\n",
       "        [ 3.77531597e+01, -1.53637363e+00,  2.14502394e+00,\n",
       "          1.03829490e-01, -1.43805881e-01],\n",
       "        [ 3.76695071e+01, -2.39271953e-01, -2.15739035e+00,\n",
       "          6.84213044e-01, -1.93002796e-01]]),\n",
       " <sugar_analysis.Hubble_fit.read_input_data_SNf at 0x1a238b9f50>)"
      ]
     },
     "execution_count": 5,
     "metadata": {},
     "output_type": "execute_result"
    }
   ],
   "source": [
    "spec_par, rids_sug.params, rids_salt2"
   ]
  },
  {
   "cell_type": "raw",
   "metadata": {},
   "source": [
    "cov list(array[dMgr**2, covMgrq1 ....]) or list(array[dx0**2, covx0x1 ....]) "
   ]
  },
  {
   "cell_type": "code",
   "execution_count": 6,
   "metadata": {},
   "outputs": [
    {
     "data": {
      "text/plain": [
       "([array([[ 2.53798694e-06, -2.09577636e-06,  5.70438731e-06,\n",
       "           3.26023095e-06,  8.53626556e-06],\n",
       "         [-2.09577636e-06,  2.68236986e-06, -1.25347102e-05,\n",
       "           1.30160606e-06, -6.08280062e-06],\n",
       "         [ 5.70438731e-06, -1.25347102e-05,  1.30292937e-04,\n",
       "           6.58028060e-06,  5.57726706e-05],\n",
       "         [ 3.26023095e-06,  1.30160606e-06,  6.58028060e-06,\n",
       "           2.18570857e-04,  1.13532374e-05],\n",
       "         [ 8.53626556e-06, -6.08280062e-06,  5.57726706e-05,\n",
       "           1.13532374e-05,  8.99446290e-05]]),\n",
       "  array([[ 1.39949132e-06, -1.11349104e-06,  2.56819792e-06,\n",
       "           2.49555756e-06,  5.10348801e-06],\n",
       "         [-1.11349104e-06,  1.60057970e-06, -8.56948354e-06,\n",
       "           4.16206901e-07, -3.42085338e-06],\n",
       "         [ 2.56819792e-06, -8.56948354e-06,  1.04409135e-04,\n",
       "           1.45416057e-05,  3.69877447e-05],\n",
       "         [ 2.49555756e-06,  4.16206901e-07,  1.45416057e-05,\n",
       "           1.54392574e-04,  1.75803860e-05],\n",
       "         [ 5.10348801e-06, -3.42085338e-06,  3.69877447e-05,\n",
       "           1.75803860e-05,  6.39914905e-05]]),\n",
       "  array([[ 1.82274521e-07, -1.52595935e-07,  4.91276285e-07,\n",
       "           4.16662960e-07,  6.51018060e-07],\n",
       "         [-1.52595935e-07,  1.84838448e-07, -7.92626684e-07,\n",
       "           3.27309710e-08, -5.03930611e-07],\n",
       "         [ 4.91276285e-07, -7.92626684e-07,  7.24720851e-06,\n",
       "          -2.17689493e-07,  4.14904931e-06],\n",
       "         [ 4.16662960e-07,  3.27309710e-08, -2.17689493e-07,\n",
       "           1.55507560e-05,  1.34485331e-06],\n",
       "         [ 6.51018060e-07, -5.03930611e-07,  4.14904931e-06,\n",
       "           1.34485331e-06,  5.32516481e-06]]),\n",
       "  array([[ 2.34255575e-05, -2.02883937e-05,  5.91679697e-05,\n",
       "           3.92753246e-05,  8.17551192e-05],\n",
       "         [-2.02883937e-05,  2.42609763e-05, -1.05180616e-04,\n",
       "           4.74983311e-06, -7.05484602e-05],\n",
       "         [ 5.91679697e-05, -1.05180616e-04,  1.07346034e-03,\n",
       "           4.18709882e-05,  5.66658480e-04],\n",
       "         [ 3.92753246e-05,  4.74983311e-06,  4.18709882e-05,\n",
       "           1.84093694e-03,  1.91572564e-04],\n",
       "         [ 8.17551192e-05, -7.05484602e-05,  5.66658480e-04,\n",
       "           1.91572564e-04,  6.48485039e-04]]),\n",
       "  array([[ 3.68472349e-06, -3.09118083e-06,  1.00106117e-05,\n",
       "           5.43398020e-06,  1.42169224e-05],\n",
       "         [-3.09118083e-06,  3.75722716e-06, -1.73133878e-05,\n",
       "           1.88431511e-06, -1.12185228e-05],\n",
       "         [ 1.00106117e-05, -1.73133878e-05,  1.60749617e-04,\n",
       "          -6.65927069e-06,  8.68738377e-05],\n",
       "         [ 5.43398020e-06,  1.88431511e-06, -6.65927069e-06,\n",
       "           2.91673222e-04,  1.22582439e-05],\n",
       "         [ 1.42169224e-05, -1.12185228e-05,  8.68738377e-05,\n",
       "           1.22582439e-05,  1.19717382e-04]]),\n",
       "  array([[ 2.26410724e-05, -2.00803997e-05,  5.20818520e-05,\n",
       "           4.05184915e-05,  6.80398710e-05],\n",
       "         [-2.00803997e-05,  2.48167081e-05, -9.10913578e-05,\n",
       "           1.08468560e-05, -5.07095330e-05],\n",
       "         [ 5.20818520e-05, -9.10913578e-05,  8.41928801e-04,\n",
       "          -1.67299544e-04,  4.38172285e-04],\n",
       "         [ 4.05184915e-05,  1.08468560e-05, -1.67299544e-04,\n",
       "           2.18788967e-03,  1.48314996e-05],\n",
       "         [ 6.80398710e-05, -5.07095330e-05,  4.38172285e-04,\n",
       "           1.48314996e-05,  5.88065711e-04]]),\n",
       "  array([[ 1.33475090e-05, -1.11556953e-05,  3.35643151e-05,\n",
       "           1.61854391e-05,  4.37328951e-05],\n",
       "         [-1.11556953e-05,  1.28549789e-05, -5.27986569e-05,\n",
       "           7.51876097e-06, -3.64137912e-05],\n",
       "         [ 3.35643151e-05, -5.27986569e-05,  4.65118107e-04,\n",
       "           1.97588055e-05,  2.70471966e-04],\n",
       "         [ 1.61854391e-05,  7.51876097e-06,  1.97588055e-05,\n",
       "           7.98817187e-04,  9.54178837e-05],\n",
       "         [ 4.37328951e-05, -3.64137912e-05,  2.70471966e-04,\n",
       "           9.54178837e-05,  3.12778920e-04]]),\n",
       "  array([[ 8.08629166e-06, -6.38353067e-06,  1.24362554e-05,\n",
       "           1.30531732e-05,  2.78307982e-05],\n",
       "         [-6.38353067e-06,  8.69601682e-06, -4.00521727e-05,\n",
       "           5.33780389e-06, -1.27941358e-05],\n",
       "         [ 1.24362554e-05, -4.00521727e-05,  4.59338446e-04,\n",
       "           1.71784929e-05,  1.06904420e-04],\n",
       "         [ 1.30531732e-05,  5.33780389e-06,  1.71784929e-05,\n",
       "           6.68012383e-04,  9.05715312e-05],\n",
       "         [ 2.78307982e-05, -1.27941358e-05,  1.06904420e-04,\n",
       "           9.05715312e-05,  3.17852011e-04]]),\n",
       "  array([[ 1.00368775e-05, -8.20057023e-06,  2.71751824e-05,\n",
       "           1.34760861e-05,  3.60789087e-05],\n",
       "         [-8.20057023e-06,  9.27366163e-06, -3.69905336e-05,\n",
       "           5.19567677e-06, -2.76225239e-05],\n",
       "         [ 2.71751824e-05, -3.69905336e-05,  2.90596162e-04,\n",
       "          -2.21590829e-05,  1.89603078e-04],\n",
       "         [ 1.34760861e-05,  5.19567677e-06, -2.21590829e-05,\n",
       "           5.71585873e-04,  4.70529301e-05],\n",
       "         [ 3.60789087e-05, -2.76225239e-05,  1.89603078e-04,\n",
       "           4.70529301e-05,  2.31443413e-04]]),\n",
       "  array([[ 2.35725341e-07, -1.82739636e-07,  4.23649749e-07,\n",
       "           5.15127387e-07,  7.38457428e-07],\n",
       "         [-1.82739636e-07,  2.53491313e-07, -1.29575913e-06,\n",
       "          -5.76366659e-08, -4.72019142e-07],\n",
       "         [ 4.23649749e-07, -1.29575913e-06,  1.48170331e-05,\n",
       "           2.69359823e-06,  4.29088729e-06],\n",
       "         [ 5.15127387e-07, -5.76366659e-08,  2.69359823e-06,\n",
       "           1.78165421e-05,  3.61341908e-06],\n",
       "         [ 7.38457428e-07, -4.72019142e-07,  4.29088729e-06,\n",
       "           3.61341908e-06,  6.84609633e-06]]),\n",
       "  array([[ 1.37609104e-05, -1.18674725e-05,  3.00037737e-05,\n",
       "           2.34173838e-05,  4.44554271e-05],\n",
       "         [-1.18674725e-05,  1.48156573e-05, -5.46965592e-05,\n",
       "           8.61157818e-06, -2.43782393e-05],\n",
       "         [ 3.00037737e-05, -5.46965592e-05,  4.85055242e-04,\n",
       "          -7.13627396e-05,  1.78015699e-04],\n",
       "         [ 2.34173838e-05,  8.61157818e-06, -7.13627396e-05,\n",
       "           1.04280580e-03,  5.61305782e-05],\n",
       "         [ 4.44554271e-05, -2.43782393e-05,  1.78015699e-04,\n",
       "           5.61305782e-05,  4.22505761e-04]]),\n",
       "  array([[ 1.78179444e-05, -1.45488571e-05,  4.07818375e-05,\n",
       "           2.43152934e-05,  6.32957037e-05],\n",
       "         [-1.45488571e-05,  1.77020850e-05, -9.35440749e-05,\n",
       "          -1.36809189e-06, -6.41965507e-05],\n",
       "         [ 4.07818375e-05, -9.35440749e-05,  1.13201357e-03,\n",
       "           2.27259875e-04,  5.99750349e-04],\n",
       "         [ 2.43152934e-05, -1.36809189e-06,  2.27259875e-04,\n",
       "           1.22834539e-03,  2.54835602e-04],\n",
       "         [ 6.32957037e-05, -6.41965507e-05,  5.99750349e-04,\n",
       "           2.54835602e-04,  5.83226707e-04]]),\n",
       "  array([[ 7.97703145e-06, -6.52978311e-06,  2.13423098e-05,\n",
       "           1.12490274e-05,  2.91510382e-05],\n",
       "         [-6.52978311e-06,  7.36458438e-06, -3.21407338e-05,\n",
       "           1.66034297e-06, -2.25960293e-05],\n",
       "         [ 2.13423098e-05, -3.21407338e-05,  2.84042970e-04,\n",
       "           1.92373179e-05,  1.60890457e-04],\n",
       "         [ 1.12490274e-05,  1.66034297e-06,  1.92373179e-05,\n",
       "           4.20676605e-04,  5.53820343e-05],\n",
       "         [ 2.91510382e-05, -2.25960293e-05,  1.60890457e-04,\n",
       "           5.53820343e-05,  2.10436171e-04]]),\n",
       "  array([[ 8.31739453e-06, -6.91542780e-06,  1.76692923e-05,\n",
       "           1.27094601e-05,  2.75046970e-05],\n",
       "         [-6.91542780e-06,  8.68648967e-06, -3.62770589e-05,\n",
       "           4.26143767e-06, -1.89312213e-05],\n",
       "         [ 1.76692923e-05, -3.62770589e-05,  3.74346332e-04,\n",
       "           4.05587619e-06,  1.74309808e-04],\n",
       "         [ 1.27094601e-05,  4.26143767e-06,  4.05587619e-06,\n",
       "           6.73247681e-04,  5.41686455e-05],\n",
       "         [ 2.75046970e-05, -1.89312213e-05,  1.74309808e-04,\n",
       "           5.41686455e-05,  2.72386220e-04]]),\n",
       "  array([[ 8.03774035e-06, -6.37028810e-06,  1.90390136e-05,\n",
       "           1.83230938e-05,  2.84799409e-05],\n",
       "         [-6.37028810e-06,  7.71281675e-06, -3.19299920e-05,\n",
       "           3.63170320e-06, -1.74676370e-05],\n",
       "         [ 1.90390136e-05, -3.19299920e-05,  3.16308433e-04,\n",
       "          -3.84656353e-05,  1.64551870e-04],\n",
       "         [ 1.83230938e-05,  3.63170320e-06, -3.84656353e-05,\n",
       "           8.62380783e-04,  5.13576454e-05],\n",
       "         [ 2.84799409e-05, -1.74676370e-05,  1.64551870e-04,\n",
       "           5.13576454e-05,  2.51438207e-04]]),\n",
       "  array([[ 2.84543383e-06, -2.33377108e-06,  7.76470371e-06,\n",
       "           5.63458826e-06,  1.04006015e-05],\n",
       "         [-2.33377108e-06,  2.84784306e-06, -1.37102848e-05,\n",
       "           2.11508304e-07, -7.72343102e-06],\n",
       "         [ 7.76470371e-06, -1.37102848e-05,  1.40598426e-04,\n",
